0.091427
0.055264
0.053114
0.052361
0.046887
0.049325
0.052939
0.074129
0.050352
0.054461
0.056092
0.048023
0.067786
0.04958
0.05342
0.051817
0.056646
0.071174
0.070347
0.05638
0.04958
0.05229
0.049028
0.048144
0.050478
0.051846
0.051326
0.078895
0.050004
0.050657
0.07481
0.061425
0.056413
0.099439
0.050574
0.059603
0.056081
0.059867
0.055672
0.060269
0.052979
0.090038
0.060263
0.051981
0.056322
0.050926
0.054023
0.054134
0.05282
0.065231
0.067807
0.063159
0.058824
0.054993
0.051166
0.060508
0.052422
0.051151
0.084202
0.054079
0.07388
0.065631
0.076309
0.079274
0.075113
0.127862
0.131494
0.071609
0.05211
0.067636
0.056009
0.076218
0.057687
0.049299
0.061359
0.060117
0.052814
0.089619
0.078599
0.09961
0.075124
0.068946
0.067542
0.07205
0.179033
0.064115
0.072008
0.04944
0.049902
0.051943
0.050445
0.049127
0.066047
0.049668
0.049012
0.083725
0.052751
0.057385
0.04519
0.067237
0.068239
0.097335
0.027529
0.019487
0.019839
0.037508
0.055489
0.018569
0.019489
0.021087
0.018333
0.017742
0.018185
0.02287
0.018319
0.0192
0.024992
0.018947
0.020616
0.018647
0.01894
0.035623
0.028675
0.019471
0.017453
0.016383
0.021031
0.016998
0.016952
0.016196
0.0185
0.018647
0.018892
0.016461
0.016968
0.018967
0.020267
0.019162
0.017397
0.02116
0.01794
0.017288
0.021156
0.017208
